-100 -0.666309
-99.9 -0.574901
-99.8 -0.307271
-99.7 0.399346
-99.6 0.99025
-99.5 0.359736
-99.4 -0.483879
-99.3 -0.73869
-99.2 -0.700813
-99.1 0.0906299
-99 0.843385
-98.9 0.780087
-98.8 0.427364
-98.7 -0.313616
-98.6 -0.923809
-98.5 -0.827508
-98.4 -0.413463
-98.3 0.253107
-98.2 0.857197
-98.1 0.951359
-98 0.668713
-97.9 0.0704616
-97.8 -0.536858
-97.7 -0.927526
-97.6 -0.980782
-97.5 -0.643032
-97.4 -0.216038
-97.3 0.269636
-97.2 0.741532
-97.1 1.00582
-97 0.971933
-96.9 0.736453
-96.8 0.412484
-96.7 0.0126102
-96.6 -0.382698
-96.5 -0.691741
-96.4 -0.904442
-96.3 -1.00447
-96.2 -0.977193
-96.1 -0.865404
-96 -0.69916
-95.9 -0.484898
-95.8 -0.270858
-95.7 -0.0619689
-95.6 0.142712
-95.5 0.321206
-95.4 0.463939
-95.3 0.583263
-95.2 0.6752
-95.1 0.74465
-95 0.795504
-94.9 0.829397
-94.8 0.851219
-94.7 0.860678
-94.6 0.860735
-94.5 0.849641
-94.4 0.827772
-94.3 0.79214
-94.2 0.740385
-94.1 0.669728
-94 0.574819
-93.9 0.456494
-93.8 0.306493
-93.7 0.127219
-93.6 -0.0705021
-93.5 -0.286699
-93.4 -0.507177
-93.3 -0.70439
-93.2 -0.876771
-93.1 -0.985588
-93 -0.991615
-92.9 -0.91433
-92.8 -0.683606
-92.7 -0.32454
-92.6 0.0392047
-92.5 0.40671
-92.4 0.774811
-92.3 1.01665
-92.2 0.969538
-92.1 0.677348
-92 0.271041
-91.9 -0.222442
-91.8 -0.727375
-91.7 -1.02007
-91.6 -0.918018
-91.5 -0.42299
-91.4 0.134064
-91.3 0.645588
-91.2 0.989605
-91.1 0.779724
-91 0.235524
-90.9 -0.398091
-90.8 -0.946364
-90.7 -0.812228
-90.6 -0.284129
-90.5 0.492488
-90.4 1.01224
-90.3 0.572343
-90.2 0.0166605
-90.1 -0.471655
-90 -0.918618
-89.9 -0.46784
-89.8 0.548105
-89.7 0.685283
-89.6 0.53353
-89.5 -0.195594
-89.4 -0.983272
-89.3 -0.410798
-89.2 0.490891
-89.1 0.554006
-89 0.38959
-88.9 -0.201863
-88.8 -0.898602
-88.7 -0.202567
-88.6 0.918971
-88.5 0.278267
-88.4 -0.493043
-88.3 -0.337294
-88.2 -0.10983
-88.1 0.199449
-88 0.526805
-87.9 0.0790499
-87.8 -0.822969
-87.7 -0.155572
-87.6 0.953988
-87.5 0.194216
-87.4 -0.972875
-87.3 -0.203185
-87.2 0.941258
-87.1 0.195938
-87 -0.905491
-86.9 -0.184251
-86.8 0.892038
-86.7 0.176266
-86.6 -0.908701
-86.5 -0.17648
-86.4 0.945678
-86.3 0.185821
-86.2 -0.974573
-86.1 -0.20088
-86 0.947634
-85.9 0.212124
-85.8 -0.803694
-85.7 -0.224771
-85.6 0.47677
-85.5 0.310404
-85.4 0.0738486
-85.3 -0.232967
-85.2 -0.561516
-85.1 -0.0712551
-85 0.938378
-84.9 0.208353
-84.8 -0.871848
-84.7 -0.44151
-84.6 0.123887
-84.5 0.461959
-84.4 0.662388
-84.3 0.0123551
-84.2 -0.98508
-84.1 -0.511213
-84 0.218301
-83.9 0.596843
-83.8 0.768659
-83.7 0.143159
-83.6 -0.8188
-83.5 -0.743087
-83.4 -0.382496
-83.3 0.363388
-83.2 1.00604
-83.1 0.670513
-83 0.159739
-82.9 -0.431894
-82.8 -0.956001
-82.7 -0.833883
-82.6 -0.246487
-82.5 0.324594
-82.4 0.881557
-82.3 0.985644
-82.2 0.609643
-82.1 0.0531469
-82 -0.557288
-81.9 -0.932683
-81.8 -1.00207
-81.7 -0.676522
-81.6 -0.26818
-81.5 0.188731
-81.4 0.653212
-81.3 0.962409
-81.2 1.00424
-81.1 0.84722
-81 0.581675
-80.9 0.219416
-80.8 -0.156009
-80.7 -0.477528
-80.6 -0.746348
-80.5 -0.928938
-80.4 -0.997454
-80.3 -0.984387
-80.2 -0.912505
-80.1 -0.779267
-80 -0.632851
-79.9 -0.470244
-79.8 -0.305775
-79.7 -0.153945
-79.6 -0.0162385
-79.5 0.103481
-79.4 0.198802
-79.3 0.274457
-79.2 0.32942
-79.1 0.36457
-79 0.381179
-78.9 0.378984
-78.8 0.358313
-78.7 0.318796
-78.6 0.259059
-78.5 0.179484
-78.4 0.0780732
-78.3 -0.0451578
-78.2 -0.185352
-78.1 -0.344456
-78 -0.507947
-77.9 -0.66439
-77.8 -0.813309
-77.7 -0.933432
-77.6 -0.99082
-77.5 -0.99291
-77.4 -0.89213
-77.3 -0.69427
-77.2 -0.417498
-77.1 -0.0667767
-77 0.311075
-76.9 0.637001
-76.8 0.894666
-76.7 1.04322
-76.6 0.918078
-76.5 0.520346
-76.4 0.0951669
-76.3 -0.340338
-76.2 -0.780891
-76.1 -1.046
-76 -0.875074
-75.9 -0.39578
-75.8 0.201717
-75.7 0.716166
-75.6 1.02253
-75.5 0.734008
-75.4 0.224578
-75.3 -0.341839
-75.2 -0.898876
-75.1 -0.897571
-75 -0.34133
-74.9 0.391023
-74.8 1.03788
-74.7 0.631364
-74.6 0.125191
-74.5 -0.367577
-74.4 -0.852881
-74.3 -0.708592
-74.2 0.361647
-74.1 0.674103
-74 0.655629
-73.9 0.0374329
-73.8 -0.930363
-73.7 -0.602507
-73.6 0.229468
-73.5 0.525961
-73.4 0.575706
-73.3 0.0673056
-73.2 -0.894297
-73.1 -0.451864
-73 0.742969
-72.9 0.461526
-72.8 -0.113899
-72.7 -0.342073
-72.6 -0.412625
-72.5 -0.0583047
-72.4 0.717611
-72.3 0.350453
-72.2 -0.873955
-72.1 -0.425548
-72 0.8683
-71.9 0.420337
-71.8 -0.769438
-71.7 -0.371659
-71.6 0.648293
-71.5 0.311904
-71.4 -0.551371
-71.3 -0.262588
-71.2 0.503088
-71.1 0.235653
-71 -0.512405
-70.9 -0.236621
-70.8 0.577273
-70.7 0.266125
-70.6 -0.684347
-70.5 -0.318961
-70.4 0.803955
-70.3 0.381118
-70.2 -0.883996
-70.1 -0.425934
-70 0.851008
-69.9 0.413014
-69.8 -0.630996
-69.7 -0.403309
-69.6 0.0528519
-69.5 0.316346
-69.4 0.463092
-69.3 0.118427
-69.2 -0.832417
-69.1 -0.420591
-69 0.831991
-68.9 0.552008
-68.8 -0.0363065
-68.7 -0.423151
-68.6 -0.676968
-68.5 -0.23679
-68.4 0.921677
-68.3 0.625041
-68.2 0.0210519
-68.1 -0.447368
-68 -0.812224
-67.9 -0.550006
-67.8 0.516098
-67.7 0.792617
-67.6 0.68387
-67.5 0.110178
-67.4 -0.747889
-67.3 -0.883295
-67.2 -0.60166
-67.1 -0.0219175
-67 0.721795
-66.9 0.948026
-66.8 0.744239
-66.7 0.217091
-66.6 -0.478029
-66.5 -0.899828
-66.4 -1.01586
-66.3 -0.609798
-66.2 -0.11821
-66.1 0.342797
-66 0.780511
-65.9 1.0615
-65.8 0.927698
-65.7 0.540615
-65.6 0.120765
-65.5 -0.27661
-65.4 -0.657342
-65.3 -0.950611
-65.2 -1.01201
-65.1 -0.926461
-65 -0.752931
-64.9 -0.477003
-64.8 -0.18584
-64.7 0.0930048
-64.6 0.362925
-64.5 0.601449
-64.4 0.767477
-64.3 0.886088
-64.2 0.961576
-64.1 0.991988
-64 1.0006
-63.9 0.980514
-63.8 0.95485
-63.7 0.924178
-63.6 0.891758
-63.5 0.864494
-63.4 0.846169
-63.3 0.836151
-63.2 0.838437
-63.1 0.852415
-63 0.873972
-62.9 0.903507
-62.8 0.93642
-62.7 0.965539
-62.6 0.988839
-62.5 1.00127
-62.4 0.982583
-62.3 0.939003
-62.2 0.845726
-62.1 0.710614
-62 0.521691
-61.9 0.261527
-61.8 -0.0142347
-61.7 -0.295738
-61.6 -0.583448
-61.5 -0.835612
-61.4 -0.968473
-61.3 -1.00942
-61.2 -0.875249
-61.1 -0.514267
-61 -0.120126
-60.9 0.279469
-60.8 0.684537
-60.7 1.02699
-60.6 1.02644
-60.5 0.613127
-60.4 0.15519
-60.3 -0.302683
-60.2 -0.760487
-60.1 -1.05312
-60 -0.759406
-59.9 -0.244033
-59.8 0.460834
-59.7 0.866852
-59.6 0.909603
-59.5 0.491418
-59.4 -0.302222
-59.3 -0.752793
-59.2 -0.878667
-59.1 -0.487321
-59 0.426673
-58.9 0.781868
-58.8 0.719225
-58.7 0.150061
-58.6 -0.886157
-58.5 -0.676035
-58.4 -0.219842
-58.3 0.247625
-58.2 0.72572
-58.1 0.660251
-58 -0.65592
-57.9 -0.599965
-57.8 -0.21955
-57.7 0.194088
-57.6 0.637679
-57.5 0.561009
-57.4 -0.75318
-57.3 -0.623921
-57.2 0.493519
-57.1 0.434995
-57 0.133895
-56.9 -0.154693
-56.8 -0.432826
-56.7 -0.36538
-56.6 0.647303
-56.5 0.564541
-56.4 -0.744624
-56.3 -0.628879
-56.2 0.727239
-56.1 0.6064
-56 -0.656872
-55.9 -0.545663
-55.8 0.582529
-55.7 0.484137
-55.6 -0.534044
-55.5 -0.44483
-55.4 0.525264
-55.3 0.438875
-55.2 -0.558046
-55.1 -0.468143
-55 0.623518
-54.9 0.525158
-54.8 -0.699836
-54.7 -0.590229
-54.6 0.748475
-54.5 0.627788
-54.4 -0.71473
-54.3 -0.586794
-54.2 0.541669
-54.1 0.478481
-54 -0.0393293
-53.9 -0.309593
-53.8 -0.410833
-53.7 -0.184593
-53.6 0.690029
-53.5 0.594605
-53.4 -0.7415
-53.3 -0.674677
-53.2 0.103694
-53.1 0.481662
-53 0.592552
-52.9 0.242669
-52.8 -0.827436
-52.7 -0.75732
-52.6 0.107202
-52.5 0.568407
-52.4 0.73636
-52.3 0.387945
-52.2 -0.680977
-52.1 -0.816222
-52 -0.476689
-51.9 0.11299
-51.8 0.930622
-51.7 0.806207
-51.6 0.310839
-51.5 -0.231471
-51.4 -0.814687
-51.3 -0.982277
-51.2 -0.460182
-51.1 0.107859
-51 0.713076
-50.9 1.02306
-50.8 0.790354
-50.7 0.309715
-50.6 -0.321795
-50.5 -0.776976
-50.4 -1.0141
-50.3 -0.857788
-50.2 -0.508496
-50.1 -0.0745023
-50 0.414069
-49.9 0.801587
-49.8 0.988543
-49.7 0.967665
-49.6 0.801941
-49.5 0.490921
-49.4 0.139584
-49.3 -0.18958
-49.2 -0.498654
-49.1 -0.763727
-49 -0.917539
-48.9 -0.987922
-48.8 -0.998796
-48.7 -0.938061
-48.6 -0.850145
-48.5 -0.729534
-48.4 -0.600168
-48.3 -0.474699
-48.2 -0.352652
-48.1 -0.238234
-48 -0.147294
-47.9 -0.0726992
-47.8 -0.018596
-47.7 0.016087
-47.6 0.0306631
-47.5 0.0253012
-47.4 0.000108629
-47.3 -0.0453743
-47.2 -0.109731
-47.1 -0.195264
-47 -0.295395
-46.9 -0.41643
-46.8 -0.543927
-46.7 -0.669703
-46.6 -0.7925
-46.5 -0.9063
-46.4 -0.972811
-46.3 -1.00445
-46.2 -0.958708
-46.1 -0.840233
-46 -0.644633
-45.9 -0.340081
-45.8 -0.00223315
-45.7 0.328126
-45.6 0.646328
-45.5 0.92959
-45.4 1.01345
-45.3 0.893908
-45.2 0.599894
-45.1 0.189865
-45 -0.320034
-44.9 -0.750654
-44.8 -0.998648
-44.7 -0.895757
-44.6 -0.512509
-44.5 -0.0288531
-44.4 0.563493
-44.3 0.961689
-44.2 0.90404
-44.1 0.498444
-44 -0.232261
-43.9 -0.738715
-43.8 -0.931762
-43.7 -0.662929
-43.6 0.141288
-43.5 0.671619
-43.4 0.86336
-43.3 0.603709
-43.2 -0.347591
-43.1 -0.775235
-43 -0.689673
-42.9 -0.240131
-42.8 0.773049
-42.7 0.820404
-42.6 0.155702
-42.5 -0.354413
-42.4 -0.679878
-42.3 -0.608422
-42.2 0.626877
-42.1 0.777023
-42 0.0192528
-41.9 -0.407263
-41.8 -0.532836
-41.7 -0.337003
-41.6 0.621097
-41.5 0.793749
-41.4 -0.533262
-41.3 -0.712571
-41.2 0.299578
-41.1 0.41609
-41 0.131268
-40.9 -0.111571
-40.8 -0.311185
-40.7 -0.34077
-40.6 0.409242
-40.5 0.582816
-40.4 -0.498038
-40.3 -0.707575
-40.2 0.542013
-40.1 0.764447
-40 -0.557169
-39.9 -0.784366
-39.8 0.560438
-39.7 0.788385
-39.6 -0.557892
-39.5 -0.783491
-39.4 0.544704
-39.3 0.761571
-39.2 -0.506032
-39.1 -0.699895
-39 0.420033
-38.9 0.564495
-38.8 -0.26727
-38.7 -0.354695
-38.6 -0.119919
-38.5 0.111209
-38.4 0.337268
-38.3 0.406432
-38.2 -0.512582
-38.1 -0.732093
-38 0.578805
-37.9 0.798456
-37.8 -0.237168
-37.7 -0.562265
-37.6 -0.402038
-37.5 -0.0483854
-37.4 0.62441
-37.3 0.789359
-37.2 -0.484415
-37.1 -0.72912
-37 -0.35103
-36.9 0.10523
-36.8 0.666383
-36.7 0.902026
-36.6 -0.118338
-36.5 -0.704018
-36.4 -0.746784
-36.3 -0.401865
-36.2 0.54474
-36.1 0.891495
-36 0.653066
-35.9 0.166072
-35.8 -0.619647
-35.7 -0.95811
-35.6 -0.718652
-35.5 -0.233062
-35.4 0.481318
-35.3 0.924684
-35.2 0.930867
-35.1 0.562537
-35 -0.0649203
-34.9 -0.577023
-34.8 -0.936623
-34.7 -0.958295
-34.6 -0.675075
-34.5 -0.252155
-34.4 0.261943
-34.3 0.690804
-34.2 0.947099
-34.1 0.990327
-34 0.858177
-33.9 0.557793
-33.8 0.194029
-33.7 -0.151469
-33.6 -0.474921
-33.5 -0.760396
-33.4 -0.926601
-33.3 -0.991603
-33.2 -0.992301
-33.1 -0.912273
-33 -0.798164
-32.9 -0.654048
-32.8 -0.495834
-32.7 -0.342929
-32.6 -0.197074
-32.5 -0.0603633
-32.4 0.0517579
-32.3 0.143954
-32.2 0.215821
-32.1 0.267017
-32 0.298819
-31.9 0.311255
-31.8 0.304623
-31.7 0.279078
-31.6 0.233767
-31.5 0.168244
-31.4 0.082954
-31.3 -0.0255159
-31.2 -0.150648
-31.1 -0.295389
-31 -0.45138
-30.9 -0.605139
-30.8 -0.751056
-30.7 -0.888248
-30.6 -0.968998
-30.5 -1.00416
-30.4 -0.955877
-30.3 -0.810037
-30.2 -0.58021
-30.1 -0.269017
-30 0.100759
-29.9 0.453842
-29.8 0.750412
-29.7 0.98592
-29.6 1.02466
-29.5 0.764376
-29.4 0.369021
-29.3 -0.0571949
-29.2 -0.523234
-29.1 -0.939841
-29 -1.02905
-28.9 -0.716093
-28.8 -0.165636
-28.7 0.356309
-28.6 0.824557
-28.5 0.990104
-28.4 0.612671
-28.3 0.0800774
-28.2 -0.59449
-28.1 -0.982441
-28 -0.713162
-27.9 -0.19753
-27.8 0.639551
-27.7 0.924114
-27.6 0.550537
-27.5 0.0295308
-27.4 -0.670094
-27.3 -0.984598
-27.2 -0.234439
-27.1 0.428378
-27 0.712674
-26.9 0.666032
-26.8 -0.497898
-26.7 -0.816442
-26.6 -0.266805
-26.5 0.22237
-26.4 0.566945
-26.3 0.698572
-26.2 -0.427527
-26.1 -0.907952
-26 0.156519
-25.9 0.539679
-25.8 0.301063
-25.7 -0.000247967
-25.6 -0.393643
-25.5 -0.649103
-25.4 0.36199
-25.3 0.895055
-25.2 -0.353082
-25.1 -0.901438
-25 0.284775
-24.9 0.759992
-24.8 -0.200721
-24.7 -0.566186
-24.6 0.128301
-24.5 0.387059
-24.4 -0.0809082
-24.3 -0.258577
-24.2 0.0638175
-24.1 0.195683
-24 -0.0772245
-23.9 -0.20378
-23.8 0.117348
-23.7 0.283917
-23.6 -0.179268
-23.5 -0.42959
-23.4 0.255264
-23.3 0.619909
-23.2 -0.328387
-23.1 -0.809153
-23 0.368591
-22.9 0.918437
-22.8 -0.337116
-22.7 -0.846141
-22.6 0.186326
-22.5 0.533667
-22.4 0.250706
-22.3 -0.05995
-22.2 -0.412408
-22.1 -0.669698
-22 0.39334
-21.9 0.935503
-21.8 -0.0980087
-21.7 -0.645965
-21.6 -0.499887
-21.5 -0.158232
-21.4 0.570443
-21.3 0.945933
-21.2 -0.00731892
-21.1 -0.683099
-21 -0.679461
-20.9 -0.369366
-20.8 0.662709
-20.7 0.885185
-20.6 0.411962
-20.5 -0.0867174
-20.4 -0.638471
-20.3 -1.02575
-20.2 -0.459926
-20.1 0.258023
-20 0.926952
-19.9 0.898848
-19.8 0.408349
-19.7 -0.0868253
-19.6 -0.582286
-19.5 -1.05002
-19.4 -0.875394
-19.3 -0.374211
-19.2 0.229255
-19.1 0.738589
-19 1.01131
-18.9 0.905508
-18.8 0.560765
-18.7 0.15096
-18.6 -0.315479
-18.5 -0.741182
-18.4 -0.973082
-18.3 -0.986505
-18.2 -0.854938
-18.1 -0.586167
-18 -0.244343
-17.9 0.0865081
-17.8 0.394786
-17.7 0.675121
-17.6 0.863904
-17.5 0.961874
-17.4 1.0029
-17.3 0.975664
-17.2 0.911432
-17.1 0.816708
-17 0.704604
-16.9 0.593882
-16.8 0.48576
-16.7 0.380613
-16.6 0.29474
-16.5 0.226231
-16.4 0.175761
-16.3 0.144863
-16.2 0.133296
-16.1 0.141912
-16 0.169535
-15.9 0.217704
-15.8 0.282459
-15.7 0.368233
-15.6 0.46833
-15.5 0.574851
-15.4 0.688822
-15.3 0.801654
-15.2 0.895075
-15.1 0.972448
-15 0.999741
-14.9 0.974778
-14.8 0.88436
-14.7 0.701412
-14.6 0.446037
-14.5 0.145504
-14.4 -0.200962
-14.3 -0.541154
-14.2 -0.804401
-14.1 -0.987216
-14 -1.01705
-13.9 -0.764931
-13.8 -0.364372
-13.7 0.051363
-13.6 0.485861
-13.5 0.906929
-13.4 1.0496
-13.3 0.786045
-13.2 0.268336
-13.1 -0.251222
-13 -0.719111
-12.9 -1.01053
-12.8 -0.761274
-12.7 -0.255987
-12.6 0.413267
-12.5 0.928666
-12.4 0.845886
-12.3 0.437331
-12.2 -0.355025
-12.1 -0.897187
-12 -0.749694
-11.9 -0.322067
-11.8 0.602744
-11.7 0.936502
-11.6 0.432892
-11.5 -0.10683
-11.4 -0.569998
-11.3 -0.942507
-11.2 -0.0315352
-11.1 0.727583
-11 0.552905
-10.9 0.198809
-10.8 -0.450276
-10.7 -0.956232
-10.6 0.095258
-10.5 0.810805
-10.4 0.28399
-10.3 -0.204418
-10.2 -0.445105
-10.1 -0.535098
-10 0.259647
-9.9 0.946527
-9.8 -0.123407
-9.7 -0.952757
-9.6 0.0445777
-9.5 0.705073
-9.4 0.0259394
-9.3 -0.360751
-9.2 -0.141676
-9.1 0.0512607
-9 0.163476
-8.9 0.224077
-8.8 -0.0969297
-8.7 -0.401861
-8.6 0.0755081
-8.5 0.491205
-8.4 -0.0683197
-8.3 -0.509589
-8.2 0.0523465
-8.1 0.459048
-8 -0.0281412
-7.9 -0.333765
-7.8 -0.0761041
-7.7 0.141617
-7.6 0.183566
-7.5 0.153881
-7.4 -0.183352
-7.3 -0.516479
-7.2 0.171013
-7.1 0.837698
-7 -0.160326
-6.9 -0.990045
-6.8 0.0895246
-6.7 0.820435
-6.6 0.222852
-6.5 -0.311705
-6.4 -0.471497
-6.3 -0.448378
-6.2 0.327555
-6.1 0.971278
-6 0.00173095
-5.9 -0.755571
-5.8 -0.502175
-5.7 -0.120523
-5.6 0.476944
-5.5 0.957059
-5.4 0.195701
-5.3 -0.671031
-5.2 -0.725167
-5.1 -0.490717
-5 0.405916
-4.9 0.945602
-4.8 0.612156
-4.7 0.126151
-4.6 -0.613878
-4.5 -0.990502
-4.4 -0.610185
-4.3 -0.0637511
-4.2 0.516382
-4.1 0.997695
-4 0.843657
-3.9 0.315505
-3.8 -0.29831
-3.7 -0.845252
-3.6 -1.01036
-3.5 -0.77907
-3.4 -0.262177
-3.3 0.257544
-3.2 0.679999
-3.1 0.976543
-3 0.988581
-2.9 0.714214
-2.8 0.295485
-2.7 -0.120611
-2.6 -0.493648
-2.5 -0.822117
-2.4 -0.998948
-2.3 -0.987822
-2.2 -0.875678
-2.1 -0.673146
-2 -0.405488
-1.9 -0.13908
-1.8 0.119929
-1.7 0.372049
-1.6 0.579495
-1.5 0.731662
-1.4 0.848863
-1.3 0.9248
-1.2 0.97116
-1.1 0.993874
-1 0.998335
-0.9 0.995947
-0.8 0.98669
-0.7 0.978043
-0.6 0.971814
-0.5 0.968912
-0.4 0.971803
-0.3 0.978026
-0.2 0.986708
-0.1 0.995953
-1.40435e-12 0.998307
0.1 0.993949
0.2 0.971114
0.3 0.924884
0.4 0.848824
0.5 0.731679
0.6 0.579509
0.7 0.37182
0.8 0.120007
0.9 -0.138909
1 -0.405598
1.1 -0.673413
1.2 -0.875352
1.3 -0.988122
1.4 -0.998885
1.5 -0.821489
1.6 -0.493927
1.7 -0.121158
1.8 0.295925
1.9 0.714746
2 0.987719
2.1 0.975813
2.2 0.680598
2.3 0.25857
2.4 -0.263082
2.5 -0.779641
2.6 -1.01049
2.7 -0.845135
2.8 -0.296814
2.9 0.313971
3 0.847644
3.1 0.996242
3.2 0.512651
3.3 -0.0612595
3.4 -0.608734
3.5 -0.99219
3.6 -0.61406
3.7 0.123074
3.8 0.610647
3.9 0.949567
4 0.404916
4.1 -0.486946
4.2 -0.724723
4.3 -0.675933
4.4 0.203545
4.5 0.952993
4.6 0.471083
4.7 -0.114615
4.8 -0.499958
4.9 -0.763408
5 0.00786795
5.1 0.969713
5.2 0.321837
5.3 -0.43951
5.4 -0.472062
5.5 -0.320336
5.6 0.225848
5.7 0.830391
5.8 0.0772945
5.9 -0.991787
6 -0.147393
6.1 0.831427
6.2 0.160934
6.3 -0.504781
6.4 -0.18203
6.5 0.140138
6.6 0.184033
6.7 0.154291
6.8 -0.0748535
6.9 -0.34899
7 -0.0232763
7.1 0.473805
7.2 0.0463453
7.3 -0.524023
7.4 -0.0620923
7.5 0.505796
7.6 0.0702301
7.7 -0.416953
7.8 -0.0871689
7.9 0.242786
8 0.157997
8.1 0.0333506
8.2 -0.148471
8.3 -0.346185
8.4 0.0370275
8.5 0.695116
8.6 0.0288808
8.7 -0.950228
8.8 -0.106244
8.9 0.953187
9 0.240835
9.1 -0.554859
9.2 -0.438464
9.3 -0.182771
9.4 0.296226
9.5 0.802387
9.6 0.0772143
9.7 -0.9621
9.8 -0.440193
9.9 0.223935
10 0.565062
10.1 0.715974
10.2 -0.0735947
10.3 -0.954618
10.4 -0.549276
10.5 -0.0801093
10.6 0.437873
10.7 0.930469
10.8 0.594654
10.9 -0.349212
11 -0.761894
11.1 -0.886333
11.2 -0.32619
11.3 0.463719
11.4 0.855619
11.5 0.916118
11.6 0.388363
11.7 -0.284611
11.8 -0.787151
11.9 -1.01175
12 -0.690758
12.1 -0.221579
12.2 0.293398
12.3 0.803665
12.4 1.05337
12.5 0.889725
12.6 0.463042
12.7 0.0208306
12.8 -0.393999
12.9 -0.786008
13 -1.02219
13.1 -0.980192
13.2 -0.784595
13.3 -0.514134
13.4 -0.171622
13.5 0.176085
13.6 0.47481
13.7 0.723767
13.8 0.898709
13.9 0.981515
14 0.998645
14.1 0.964283
14.2 0.880685
14.3 0.782354
14.4 0.666149
14.5 0.54898
14.6 0.440113
14.7 0.338743
14.8 0.252271
14.9 0.186917
15 0.138533
15.1 0.110746
15.2 0.102122
15.3 0.113727
15.4 0.144765
15.5 0.195568
15.6 0.264602
15.7 0.351509
15.8 0.457841
15.9 0.568221
16 0.682451
16.1 0.798541
16.2 0.897528
16.3 0.968693
16.4 1.00287
16.5 0.96975
16.6 0.8796
16.7 0.697478
16.8 0.424243
16.9 0.118195
17 -0.215549
17.1 -0.561733
17.2 -0.835203
17.3 -0.981162
17.4 -0.986115
17.5 -0.764001
17.6 -0.339812
17.7 0.119888
17.8 0.532177
17.9 0.892384
18 1.02131
18.1 0.761349
18.2 0.254124
18.3 -0.345409
18.4 -0.846284
18.5 -1.04139
18.6 -0.618756
18.7 -0.120712
18.8 0.405218
18.9 0.91256
19 0.904595
19.1 0.287273
19.2 -0.450358
19.3 -1.02771
19.4 -0.630088
19.5 -0.119384
19.6 0.386739
19.7 0.89059
19.8 0.684933
19.9 -0.337187
20 -0.66745
20.1 -0.705705
20.2 -0.0213069
20.3 0.94294
20.4 0.56098
20.5 -0.122556
20.6 -0.481135
20.7 -0.667471
20.8 -0.11836
20.9 0.940719
21 0.386684
21.1 -0.638717
21.2 -0.408023
21.3 -0.0986153
21.4 0.227107
21.5 0.559278
21.6 0.207364
21.7 -0.86638
21.8 -0.329957
21.9 0.920056
22 0.354438
22.1 -0.793384
22.2 -0.310518
22.3 0.591799
22.4 0.236341
22.5 -0.393935
22.6 -0.160787
22.7 0.244219
22.8 0.0994452
22.9 -0.162384
23 -0.0588422
23.1 0.154222
23.2 0.043904
23.3 -0.218118
23.4 -0.0592425
23.5 0.349267
23.6 0.10484
23.7 -0.534282
23.8 -0.175922
23.9 0.738828
24 0.260619
24.1 -0.896701
24.2 -0.333626
24.3 0.911009
24.4 0.35298
24.5 -0.684678
24.6 -0.400234
24.7 0.0515319
24.8 0.336633
24.9 0.519762
25 0.0994462
25.1 -0.904121
25.2 -0.391527
25.3 0.751628
25.4 0.546982
25.5 0.16944
25.6 -0.295258
25.7 -0.792336
25.8 -0.464261
25.9 0.715229
26 0.703235
26.1 0.378716
26.2 -0.266648
26.3 -0.970699
26.4 -0.675139
26.5 0.0848039
26.6 0.594403
26.7 0.922709
26.8 0.584046
26.9 -0.257861
27 -0.745147
27.1 -0.967169
27.2 -0.553959
27.3 0.139788
27.4 0.672244
27.5 1.014
27.6 0.766606
27.7 0.294916
27.8 -0.218068
27.9 -0.749601
28 -1.04332
28.1 -0.907438
28.2 -0.478908
28.3 0.0035759
28.4 0.428135
28.5 0.805484
28.6 1.03066
28.7 0.968005
28.8 0.706781
28.9 0.39619
29 0.0414304
29.1 -0.326546
29.2 -0.633853
29.3 -0.84633
29.4 -0.972694
29.5 -1.00408
29.6 -0.951909
29.7 -0.857079
29.8 -0.708502
29.9 -0.553894
30 -0.39536
30.1 -0.235663
30.2 -0.0870181
30.3 0.0376181
30.4 0.145224
30.5 0.229855
30.6 0.294276
30.7 0.33884
30.8 0.363779
30.9 0.370299
31 0.358127
31.1 0.326949
31.2 0.276707
31.3 0.205697
31.4 0.114378
31.5 0.00217456
31.6 -0.13458
31.7 -0.282846
31.8 -0.441302
31.9 -0.606164
32 -0.757816
32.1 -0.885288
32.2 -0.980203
32.3 -0.996321
32.4 -0.949713
32.5 -0.798846
32.6 -0.530767
32.7 -0.21422
32.8 0.135086
32.9 0.508734
33 0.817333
33.1 0.977393
33.2 0.972079
33.3 0.73976
33.4 0.314279
33.5 -0.193867
33.6 -0.620742
33.7 -0.933258
33.8 -0.966324
33.9 -0.630658
34 -0.120237
34.1 0.515997
34.2 0.906656
34.3 0.95104
34.4 0.522856
34.5 -0.174553
34.6 -0.679501
34.7 -0.969208
34.8 -0.656583
34.9 0.105687
35 0.609912
35.1 0.901765
35.2 0.595606
35.3 -0.342041
35.4 -0.721044
35.5 -0.738655
35.6 -0.1546
35.7 0.899488
35.8 0.630513
35.9 0.16008
36 -0.291196
36.1 -0.727469
36.2 -0.541824
36.3 0.768707
36.4 0.599149
36.5 0.0134109
36.6 -0.357378
36.7 -0.587444
36.8 -0.295438
36.9 0.813881
37 0.571642
37.1 -0.713602
37.2 -0.501591
37.3 0.320762
37.4 0.340035
37.5 0.177552
37.6 -0.0786109
37.7 -0.41323
37.8 -0.295879
37.9 0.61352
38 0.437408
38.1 -0.735646
38.2 -0.512248
38.3 0.786166
38.4 0.542406
38.5 -0.800828
38.6 -0.550443
38.7 0.803147
38.8 0.551363
38.9 -0.801465
39 -0.550136
39.1 0.788673
39.2 0.54097
39.3 -0.743011
39.4 -0.507168
39.5 0.631559
39.6 0.422342
39.7 -0.421651
39.8 -0.327958
39.9 -0.0409103
40 0.192662
40.1 0.382606
40.2 0.224937
40.3 -0.693022
40.4 -0.501112
40.5 0.812064
40.6 0.609946
40.7 -0.426265
40.8 -0.546878
40.9 -0.345534
41 0.0885037
41.1 0.751392
41.2 0.582785
41.3 -0.693138
41.4 -0.6632
41.5 -0.276681
41.6 0.214332
41.7 0.786021
41.8 0.761127
41.9 -0.317783
42 -0.728202
42.1 -0.73611
42.2 -0.257589
42.3 0.677772
42.4 0.870482
42.5 0.607716
42.6 0.0543027
42.7 -0.723885
42.8 -0.941118
42.9 -0.676588
43 -0.148107
43.1 0.569511
43.2 0.938007
43.3 0.922112
43.4 0.497938
43.5 -0.116901
43.6 -0.595472
43.7 -0.941611
43.8 -0.961703
43.9 -0.676243
44 -0.237121
44.1 0.275781
44.2 0.677506
44.3 0.936125
44.4 1.00314
44.5 0.883306
44.6 0.574679
44.7 0.238278
44.8 -0.0935908
44.9 -0.422239
45 -0.719731
45.1 -0.890308
45.2 -0.980673
45.3 -1.00266
45.4 -0.947574
45.5 -0.861184
45.6 -0.732843
45.7 -0.597165
45.8 -0.462981
45.9 -0.329828
46 -0.203207
46.1 -0.101634
46.2 -0.0158849
46.3 0.0488686
46.4 0.0941222
46.5 0.11925
46.6 0.124555
46.7 0.110036
46.8 0.0755971
46.9 0.0213234
47 -0.053498
47.1 -0.146167
47.2 -0.26244
47.3 -0.389186
47.4 -0.523165
47.5 -0.663638
47.6 -0.795311
47.7 -0.90192
47.8 -0.984288
47.9 -0.996569
48 -0.952468
48.1 -0.8202
48.2 -0.579828
48.3 -0.282912
48.4 0.048843
48.5 0.413201
48.6 0.734658
48.7 0.935735
48.8 1.01057
48.9 0.866789
49 0.485421
49.1 0.0136056
49.2 -0.4201
49.3 -0.800818
49.4 -1.03045
49.5 -0.842043
49.6 -0.39949
49.7 0.228025
49.8 0.735187
49.9 1.05014
50 0.735965
50.1 0.187591
50.2 -0.367988
50.3 -0.927025
50.4 -0.872397
50.5 -0.326425
50.6 0.226827
50.7 0.78937
50.8 0.95877
50.9 0.197302
51 -0.394126
51.1 -0.802747
51.2 -0.764931
51.3 0.289172
51.4 0.703194
51.5 0.624489
51.6 0.184936
51.7 -0.770704
51.8 -0.815658
51.9 0.159358
52 0.550812
52.1 0.535469
52.2 0.189425
52.3 -0.699125
52.4 -0.747013
52.5 0.577466
52.6 0.651668
52.7 -0.0885048
52.8 -0.366694
52.9 -0.367918
53 -0.131535
53.1 0.525464
53.2 0.585693
53.3 -0.619259
53.4 -0.725336
53.5 0.634071
53.6 0.728978
53.7 -0.574903
53.8 -0.658033
53.9 0.494585
54 0.567349
54.1 -0.42839
54.2 -0.493776
54.3 0.395092
54.4 0.457451
54.5 -0.40152
54.6 -0.466484
54.7 0.445858
54.8 0.519513
54.9 -0.517785
55 -0.604299
55.1 0.595359
55.2 0.693182
55.3 -0.641217
55.4 -0.738591
55.5 0.604118
55.6 0.675632
55.7 -0.434863
55.8 -0.49415
55.9 -0.0745689
56 0.234999
56.1 0.436168
56.2 0.361591
56.3 -0.635554
56.4 -0.729535
56.5 0.605553
56.6 0.685826
56.7 0.110968
56.8 -0.32555
56.9 -0.624669
57 -0.528402
57.1 0.71486
57.2 0.766354
57.3 0.166275
57.4 -0.33568
57.5 -0.735717
57.6 -0.756019
57.7 0.290695
57.8 0.774517
57.9 0.732246
58 0.311686
58.1 -0.589276
58.2 -0.905304
58.3 -0.680157
58.4 -0.187533
58.5 0.582933
58.6 0.948344
58.7 0.806352
58.8 0.35559
58.9 -0.35141
59 -0.833145
59.1 -1.02307
59.2 -0.710938
59.3 -0.19767
59.4 0.279255
59.5 0.717119
59.6 1.03228
59.7 0.962949
59.8 0.604713
59.9 0.165336
60 -0.244246
60.1 -0.622037
60.2 -0.929561
60.3 -1.02035
60.4 -0.928731
60.5 -0.752279
60.6 -0.482781
60.7 -0.177167
60.8 0.111889
60.9 0.382513
61 0.623457
61.1 0.793624
61.2 0.905228
61.3 0.975591
61.4 0.996363
61.5 0.994637
61.6 0.96441
61.7 0.925748
61.8 0.885546
61.9 0.844031
62 0.80508
62.1 0.779381
62.2 0.763708
62.3 0.761092
62.4 0.772271
62.5 0.793166
62.6 0.829231
62.7 0.869816
62.8 0.910166
62.9 0.950037
63 0.986859
63.1 0.997605
63.2 0.989572
63.3 0.936498
63.4 0.842533
63.5 0.695822
63.6 0.478293
63.7 0.218955
63.8 -0.0630113
63.9 -0.369925
64 -0.658839
64.1 -0.868437
64.2 -1.00631
64.3 -0.986103
64.4 -0.749427
64.5 -0.398294
64.6 -0.00143782
64.7 0.449425
64.8 0.850988
64.9 1.03425
65 0.85903
65.1 0.464875
65.2 0.00227349
65.3 -0.541156
65.4 -0.96407
65.5 -0.943674
65.6 -0.574435
65.7 0.108513
65.8 0.654328
65.9 0.957418
66 0.789483
66.1 0.0884363
66.2 -0.498549
66.3 -0.873403
66.4 -0.826028
66.5 -0.00748819
66.6 0.594621
66.7 0.810219
66.8 0.627385
66.9 -0.41262
67 -0.795841
67.1 -0.542177
67.2 -0.0954407
67.3 0.649158
67.4 0.931883
67.5 -0.132043
67.6 -0.629094
67.7 -0.502734
67.8 -0.158712
67.9 0.576208
68 0.864187
68.1 -0.409779
68.2 -0.77828
68.3 0.00920425
68.4 0.390751
68.5 0.383364
68.6 0.183978
68.7 -0.438505
68.8 -0.705894
68.9 0.439683
69 0.871818
69.1 -0.427659
69.2 -0.854737
69.3 0.362623
69.4 0.737317
69.5 -0.28635
69.6 -0.593795
69.7 0.224959
69.8 0.473346
69.9 -0.191419
70 -0.402171
70.1 0.190136
70.2 0.391502
70.3 -0.220177
70.4 -0.443365
70.5 0.276538
70.6 0.550736
70.7 -0.348602
70.8 -0.69255
70.9 0.416038
71 0.825823
71.1 -0.44583
71.2 -0.880515
71.3 0.396694
71.4 0.774568
71.5 -0.190713
71.6 -0.483563
71.7 -0.260686
71.8 0.0317937
71.9 0.436176
72 0.658665
72.1 -0.467449
72.2 -0.899667
72.3 0.192505
72.4 0.646612
72.5 0.452403
72.6 0.0830097
72.7 -0.598529
72.8 -0.907578
72.9 0.150718
73 0.732158
73.1 0.613114
73.2 0.219895
73.3 -0.724738
73.4 -0.903418
73.5 -0.299432
73.6 0.279023
73.7 0.770279
73.8 0.923322
73.9 0.199452
74 -0.476552
74.1 -0.913103
74.2 -0.850463
74.3 -0.218323
74.4 0.378228
74.5 0.886751
74.6 0.947282
74.7 0.551065
74.8 0.0522306
74.9 -0.503401
75 -0.957032
75.1 -1.01578
75.2 -0.694384
75.3 -0.207825
75.4 0.249975
75.5 0.655093
75.6 0.970367
75.7 1.02773
75.8 0.814263
75.9 0.504429
76 0.161941
76.1 -0.210935
76.2 -0.559956
76.3 -0.805766
76.4 -0.950903
76.5 -1.00675
76.6 -0.960559
76.7 -0.863519
76.8 -0.713462
76.9 -0.540004
77 -0.367516
77.1 -0.196269
77.2 -0.027691
77.3 0.113851
77.4 0.232796
77.5 0.331133
77.6 0.406801
77.7 0.463096
77.8 0.499869
77.9 0.519001
78 0.521106
78.1 0.505611
78.2 0.473139
78.3 0.421286
78.4 0.349823
78.5 0.257433
78.6 0.140896
78.7 0.00566243
78.8 -0.15474
78.9 -0.329368
79 -0.503271
79.1 -0.672262
79.2 -0.836144
79.3 -0.944063
79.4 -1.00255
79.5 -0.97646
79.6 -0.842593
79.7 -0.613722
79.8 -0.308128
79.9 0.048275
