-100 -0.666309
-99.9 -1.89556e+87
-99.8 -3.86899e+83
-99.7 9.44663e+84
-99.6 5.14826e+81
-99.5 -7.86709e+82
-99.4 -7.72861e+79
-99.3 9.19916e+80
-99.2 1.37922e+78
-99.1 -1.38727e+79
-99 -2.89335e+76
-98.9 2.56497e+77
-98.8 7.01463e+74
-98.7 -5.62255e+75
-98.6 -1.93509e+73
-98.5 1.42672e+74
-98.4 5.99586e+71
-98.3 -4.11637e+72
-98.2 -2.06418e+70
-98.1 1.33177e+71
-98 7.82412e+68
-97.9 -4.77793e+69
-97.8 -3.24036e+67
-97.7 1.88366e+68
-97.6 1.45679e+66
-97.5 -8.09921e+66
-97.4 -7.06961e+64
-97.3 3.77369e+65
-97.2 3.68536e+63
-97.1 -1.89497e+64
-97 -2.05486e+62
-96.9 1.02066e+63
-96.8 1.22084e+61
-96.7 -5.87208e+61
-96.6 -7.70314e+59
-96.5 3.59551e+60
-96.4 5.14626e+58
-96.3 -2.33546e+59
-96.2 -3.63043e+57
-96.1 1.6045e+58
-96 2.69786e+56
-95.9 -1.16292e+57
-95.8 -2.10723e+55
-95.7 8.87105e+55
-95.6 1.72638e+54
-95.5 -7.10672e+54
-95.4 -1.48088e+53
-95.3 5.96734e+53
-95.2 1.32768e+52
-95.1 -5.24239e+52
-95 -1.24222e+51
-94.9 4.81071e+51
-94.8 1.21113e+50
-94.7 -4.60425e+50
-94.6 -1.22886e+49
-94.5 4.58938e+49
-94.4 1.29592e+48
-94.3 -4.75803e+48
-94.2 -1.4188e+47
-94.1 5.12461e+47
-94 1.61084e+46
-93.9 -5.72732e+46
-93.8 -1.89463e+45
-93.7 6.63496e+45
-93.6 2.3064e+44
-93.5 -7.95981e+44
-93.4 -2.90326e+43
-93.3 9.87933e+43
-93.2 3.77589e+42
-93.1 -1.26749e+43
-93 -5.06951e+41
-92.9 1.67952e+42
-92.8 7.02161e+40
-92.7 -2.29672e+41
-92.6 -1.00253e+40
-92.5 3.23899e+40
-92.4 1.47454e+39
-92.3 -4.70731e+39
-92.2 -2.23272e+38
-92.1 7.04575e+38
-92 3.47843e+37
-91.9 -1.08539e+38
-91.8 -5.57235e+36
-91.7 1.71987e+37
-91.6 9.17432e+35
-91.5 -2.80167e+36
-91.4 -1.5515e+35
-91.3 4.68946e+35
-91.2 2.69381e+34
-91.1 -8.06053e+34
-91 -4.79956e+33
-90.9 1.42217e+34
-90.8 8.77116e+32
-90.7 -2.57446e+33
-90.6 -1.64346e+32
-90.5 4.77926e+32
-90.4 3.15583e+31
-90.3 -9.09473e+31
-90.2 -6.20812e+30
-90.1 1.77336e+31
-90 1.25061e+30
-89.9 -3.5418e+30
-89.8 -2.57892e+29
-89.7 7.24287e+29
-89.6 5.44214e+28
-89.5 -1.51596e+29
-89.4 -1.17479e+28
-89.3 3.24641e+28
-89.2 2.59336e+27
-89.1 -7.11099e+27
-89 -5.85278e+26
-88.9 1.59263e+27
-88.8 1.34997e+26
-88.7 -3.64606e+26
-88.6 -3.18126e+25
-88.5 8.52992e+25
-88.4 7.6576e+24
-88.3 -2.03864e+25
-88.2 -1.88229e+24
-88.1 4.97629e+24
-88 4.72346e+23
-87.9 -1.24026e+24
-87.8 -1.20977e+23
-87.7 3.1554e+23
-87.6 3.16171e+22
-87.5 -8.19282e+22
-87.4 -8.42959e+21
-87.3 2.17039e+22
-87.2 2.29231e+21
-87.1 -5.86516e+21
-87 -6.35643e+20
-86.9 1.61641e+21
-86.8 1.79696e+20
-86.7 -4.54217e+20
-86.6 -5.17812e+19
-86.5 1.30118e+20
-86.4 1.52062e+19
-86.3 -3.79916e+19
-86.2 -4.54986e+18
-86.1 1.13033e+19
-86 1.38689e+18
-85.9 -3.4264e+18
-85.8 -4.30601e+17
-85.7 1.05805e+18
-85.6 1.36144e+17
-85.5 -3.32745e+17
-85.4 -4.38306e+16
-85.3 1.06566e+17
-85.2 1.4365e+16
-85.1 -3.4747e+16
-85 -4.79231e+15
-84.9 1.15337e+16
-84.8 1.6271e+15
-84.7 -3.89677e+15
-84.6 -5.62176e+14
-84.5 1.33985e+15
-84.4 1.97615e+14
-84.3 -4.68764e+14
-84.2 -7.06931e+13
-84.1 1.66844e+14
-84 2.57769e+13
-83.9 -6.03843e+13
-83.8 -9.39841e+12
-83.7 2.19491e+13
-83.6 1.48936e+12
-83.5 -8.21718e+12
-83.4 -1.11868e+13
-83.3 8.85749e+11
-83.2 -1.40694e+13
-83.1 2.43564e+12
-83 -7.52233e+13
-82.9 -2.78824e+14
-82.8 -1.12238e+15
-82.7 -4.96481e+14
-82.6 -3.36314e+15
-82.5 -4.43504e+15
-82.4 -4.71891e+15
-82.3 -2.80347e+16
-82.2 -6.26432e+15
-82.1 2.97895e+16
-82 -6.99381e+16
-81.9 -3.53992e+17
-81.8 -3.68121e+17
-81.7 -2.13983e+18
-81.6 6.04111e+17
-81.5 -1.1513e+18
-81.4 -3.23148e+18
-81.3 -3.75562e+19
-81.2 -5.76662e+19
-81.1 -2.83612e+20
-81 -5.48076e+20
-80.9 -1.22849e+21
-80.8 -2.04995e+21
-80.7 -3.90177e+21
-80.6 -1.29392e+22
-80.5 -7.23369e+21
-80.4 -3.53034e+22
-80.3 -5.52959e+22
-80.2 -1.64943e+23
-80.1 -4.16763e+23
-80 -7.2783e+22
-79.9 -3.68106e+23
-79.8 -2.40017e+24
-79.7 -4.56455e+24
-79.6 -7.17668e+24
-79.5 -2.66596e+25
-79.4 -1.86083e+25
-79.3 -5.12617e+25
-79.2 -5.39264e+25
-79.1 -3.29253e+26
-79 -3.71477e+26
-78.9 -8.62824e+26
-78.8 -1.06714e+27
-78.7 -2.95455e+27
-78.6 1.01016e+28
-78.5 1.03414e+27
-78.4 7.98398e+28
-78.3 2.78057e+28
-78.2 1.3523e+29
-78.1 -2.47842e+29
-78 1.91773e+29
-77.9 2.41429e+30
-77.8 3.38792e+30
-77.7 9.74181e+30
-77.6 1.40631e+31
-77.5 4.92362e+31
-77.4 6.26655e+31
-77.3 -2.90837e+31
-77.2 2.00855e+32
-77.1 8.83802e+32
-77 1.26143e+33
-76.9 2.75326e+33
-76.8 4.26207e+33
-76.7 5.29738e+33
-76.6 1.66455e+34
-76.5 2.13052e+34
-76.4 6.38025e+34
-76.3 1.80347e+35
-76.2 1.20258e+35
-76.1 6.53853e+35
-76 3.81668e+35
-75.9 1.66365e+36
-75.8 3.3915e+36
-75.7 6.9302e+36
-75.6 2.46359e+37
-75.5 4.05164e+36
-75.4 1.8883e+36
-75.3 3.58278e+37
-75.2 1.91968e+37
-75.1 9.98054e+37
-75 1.3101e+39
-74.9 2.29121e+39
-74.8 -6.77274e+38
-74.7 1.68964e+39
-74.6 1.41176e+40
-74.5 8.43018e+39
-74.4 3.66569e+40
-74.3 5.67613e+39
-74.2 1.54672e+41
-74.1 1.33563e+41
-74 4.27996e+41
-73.9 1.87357e+42
-73.8 3.88642e+41
-73.7 1.02757e+42
-73.6 3.23908e+42
-73.5 1.08738e+43
-73.4 7.53021e+42
-73.3 5.93315e+43
-73.2 1.73379e+44
-73.1 3.07323e+43
-73 3.88451e+44
-72.9 2.34017e+44
-72.8 9.83609e+44
-72.7 1.20996e+45
-72.6 3.96039e+44
-72.5 1.56513e+45
-72.4 1.66852e+46
-72.3 1.32362e+46
-72.2 2.54392e+46
-72.1 1.69594e+46
-72 8.8251e+46
-71.9 2.97173e+47
-71.8 5.1186e+47
-71.7 7.8663e+47
-71.6 1.34419e+48
-71.5 4.4249e+48
-71.4 7.83499e+48
-71.3 5.82978e+48
-71.2 -4.45622e+48
-71.1 2.72646e+48
-71 -9.05079e+48
-70.9 -1.01086e+50
-70.8 -1.20996e+50
-70.7 5.1951e+50
-70.6 9.69232e+50
-70.5 -1.54506e+51
-70.4 3.41517e+51
-70.3 -2.29743e+51
-70.2 4.40309e+51
-70.1 -1.71934e+52
-70 -3.2237e+52
-69.9 -5.7754e+50
-69.8 8.494e+51
-69.7 -6.09153e+52
-69.6 -4.07845e+52
-69.5 1.00164e+54
-69.4 1.3243e+54
-69.3 1.8495e+54
-69.2 6.43165e+53
-69.1 -1.07966e+54
-69 8.76323e+54
-68.9 -1.25916e+55
-68.8 5.88376e+55
-68.7 4.86547e+55
-68.6 1.89485e+56
-68.5 1.11646e+56
-68.4 1.10404e+57
-68.3 2.03753e+57
-68.2 9.37492e+56
-68.1 8.10579e+56
-68 1.88674e+58
-67.9 2.05193e+58
-67.8 4.72398e+58
-67.7 5.2883e+58
-67.6 9.1581e+58
-67.5 2.16979e+59
-67.4 5.32713e+59
-67.3 4.82512e+59
-67.2 8.81119e+59
-67.1 3.88079e+60
-67 4.63887e+60
-66.9 7.67368e+60
-66.8 1.61336e+61
-66.7 2.73869e+61
-66.6 1.04167e+62
-66.5 1.52899e+62
-66.4 2.6134e+62
-66.3 6.16603e+62
-66.2 1.02797e+63
-66.1 5.65322e+62
-66 2.36292e+63
-65.9 6.11764e+63
-65.8 4.18367e+63
-65.7 2.23928e+64
-65.6 2.31034e+64
-65.5 2.63435e+64
-65.4 6.88629e+64
-65.3 1.50015e+65
-65.2 3.61976e+65
-65.1 2.84704e+65
-65 7.8251e+65
-64.9 1.05446e+66
-64.8 1.14414e+66
-64.7 2.69583e+66
-64.6 -5.67845e+65
-64.5 6.67691e+66
-64.4 8.44192e+66
-64.3 2.20822e+67
-64.2 3.80708e+67
-64.1 5.72881e+67
-64 2.58241e+68
-63.9 -8.94211e+67
-63.8 4.19456e+67
-63.7 7.49452e+68
-63.6 2.56323e+69
-63.5 2.45652e+69
-63.4 1.26581e+69
-63.3 2.31623e+70
-63.2 2.30601e+70
-63.1 2.41632e+70
-63 7.08773e+70
-62.9 -3.82739e+70
-62.8 1.97456e+71
-62.7 3.4114e+71
-62.6 5.02617e+71
-62.5 4.70974e+71
-62.4 9.18266e+71
-62.3 8.78055e+71
-62.2 3.11673e+72
-62.1 6.75478e+72
-62 4.91314e+72
-61.9 2.54619e+73
-61.8 6.13034e+73
-61.7 -2.69028e+71
-61.6 -9.25617e+73
-61.5 3.68618e+74
-61.4 1.2376e+74
-61.3 -7.2693e+74
-61.2 1.08905e+75
-61.1 1.69951e+75
-61 1.96882e+75
-60.9 -7.0478e+74
-60.8 3.94578e+75
-60.7 3.02284e+76
-60.6 -4.1384e+76
-60.5 6.21779e+76
-60.4 3.16741e+76
-60.3 2.3983e+76
-60.2 6.56594e+77
-60.1 3.07371e+77
-60 -1.51895e+75
-59.9 3.58112e+78
-59.8 2.19451e+78
-59.7 2.28037e+78
-59.6 9.85706e+78
-59.5 5.80165e+78
-59.4 -2.30636e+78
-59.3 -9.90489e+78
-59.2 2.44127e+79
-59.1 3.7329e+79
-59 1.73802e+80
-58.9 1.73838e+80
-58.8 -9.03557e+80
-58.7 1.49953e+81
-58.6 4.75068e+80
-58.5 -1.04427e+81
-58.4 6.33844e+81
-58.3 5.91281e+81
-58.2 9.29615e+81
-58.1 -1.62978e+81
-58 -1.3493e+82
-57.9 1.6018e+82
-57.8 -1.54002e+83
-57.7 1.41864e+83
-57.6 3.90087e+83
-57.5 -7.17259e+83
-57.4 -1.13575e+84
-57.3 -2.2368e+84
-57.2 -1.87589e+84
-57.1 3.67773e+83
-57 -6.90974e+84
-56.9 -6.20875e+84
-56.8 -5.0178e+85
-56.7 3.91778e+85
-56.6 3.49785e+85
-56.5 8.60058e+85
-56.4 -1.36846e+86
-56.3 -9.11785e+85
-56.2 2.64837e+86
-56.1 -7.88703e+86
-56 -1.56502e+87
-55.9 -2.77661e+87
-55.8 6.73007e+87
-55.7 -2.65108e+87
-55.6 -1.18682e+88
-55.5 -4.27648e+86
-55.4 -8.9531e+87
-55.3 -2.89803e+88
-55.2 1.97459e+88
-55.1 -1.08554e+89
-55 -3.19158e+89
-54.9 -4.61712e+89
-54.8 -3.116e+88
-54.7 -1.14336e+89
-54.6 -1.34152e+90
-54.5 -1.25347e+90
-54.4 6.50719e+89
-54.3 5.78675e+90
-54.2 -2.39561e+91
-54.1 2.66488e+91
-54 -5.64782e+91
-53.9 -5.23795e+91
-53.8 -1.37454e+92
-53.7 -2.50914e+92
-53.6 -4.84895e+91
-53.5 -5.26979e+92
-53.4 -6.97544e+92
-53.3 -5.16998e+92
-53.2 -1.76063e+93
-53.1 -1.06323e+93
-53 -9.45882e+93
-52.9 -1.51281e+94
-52.8 -4.35738e+94
-52.7 -1.99478e+94
-52.6 -8.2925e+94
-52.5 -7.49628e+94
-52.4 -2.37885e+94
-52.3 -9.548e+94
-52.2 -5.71641e+95
-52.1 -3.47984e+95
-52 -1.35528e+96
-51.9 -1.37186e+96
-51.8 -4.8115e+96
-51.7 2.19701e+96
-51.6 -7.59967e+96
-51.5 -2.89332e+97
-51.4 -1.33405e+97
-51.3 -3.16487e+97
-51.2 -6.01916e+97
-51.1 -1.03345e+98
-51 -2.1663e+98
-50.9 -6.15518e+98
-50.8 -7.1539e+98
-50.7 -1.07986e+99
-50.6 -1.08012e+99
-50.5 -1.04154e+99
-50.4 -1.64785e+99
-50.3 -1.18082e+100
-50.2 -1.46193e+100
-50.1 -1.17792e+100
-50 -6.03996e+100
-49.9 2.37162e+99
-49.8 -5.11675e+100
-49.7 -8.84643e+100
-49.6 -2.56744e+101
-49.5 -5.7788e+101
-49.4 -6.02095e+101
-49.3 -1.33274e+101
-49.2 -1.3952e+102
-49.1 -4.35209e+102
-49 -3.19151e+102
-48.9 -7.09219e+102
-48.8 -1.87741e+103
-48.7 -2.28341e+103
-48.6 -1.94716e+103
-48.5 -4.38499e+103
-48.4 -1.34311e+104
-48.3 -1.38997e+104
-48.2 -2.76277e+104
-48.1 -2.78101e+104
-48 -3.59935e+104
-47.9 -6.94493e+104
-47.8 -1.73621e+105
-47.7 -3.74716e+105
-47.6 -2.14027e+105
-47.5 -3.34645e+105
-47.4 -6.85835e+104
-47.3 -1.08261e+106
-47.2 -2.13776e+106
-47.1 3.44379e+105
-47 -4.04077e+106
-46.9 -8.80874e+106
-46.8 -1.04153e+107
-46.7 -1.90477e+107
-46.6 -3.81789e+107
-46.5 -3.32667e+107
-46.4 -4.91426e+106
-46.3 -4.78081e+106
-46.2 -6.31688e+107
-46.1 -5.63247e+108
-46 1.30605e+108
-45.9 -5.00543e+107
-45.8 7.861e+108
-45.7 1.30931e+109
-45.6 1.40777e+108
-45.5 -8.06235e+109
-45.4 -1.50076e+110
-45.3 -1.9453e+110
-45.2 4.86801e+109
-45.1 3.81764e+110
-45 -1.57188e+110
-44.9 -1.99995e+111
-44.8 -5.66239e+110
-44.7 3.72185e+110
-44.6 -3.21415e+111
-44.5 9.54046e+111
-44.4 -1.11707e+112
-44.3 2.72999e+111
-44.2 -1.8085e+112
-44.1 -1.20337e+112
-44 2.5227e+112
-43.9 -5.70625e+112
-43.8 1.14775e+113
-43.7 -1.12342e+113
-43.6 2.37334e+113
-43.5 5.03467e+113
-43.4 -1.60263e+114
-43.3 2.90337e+113
-43.2 4.7251e+113
-43.1 -2.73653e+114
-43 -1.05294e+115
-42.9 9.10008e+114
-42.8 -1.07477e+114
-42.7 4.51418e+115
-42.6 1.00239e+116
-42.5 2.85482e+115
-42.4 -1.16827e+116
-42.3 1.37545e+116
-42.2 2.65737e+116
-42.1 -1.02357e+117
-42 8.65247e+116
-41.9 -2.47844e+117
-41.8 1.53906e+117
-41.7 -4.0334e+117
-41.6 -5.59268e+117
-41.5 -6.60894e+117
-41.4 -2.02109e+118
-41.3 -1.61262e+118
-41.2 2.96729e+118
-41.1 -3.283e+118
-41 5.49931e+117
-40.9 -1.03957e+118
-40.8 -2.6529e+119
-40.7 -2.32508e+116
-40.6 -4.21599e+119
-40.5 -2.71921e+120
-40.4 2.24658e+120
-40.3 6.78546e+119
-40.2 5.04193e+120
-40.1 -2.11276e+121
-40 -3.28169e+121
-39.9 -6.58381e+121
-39.8 -3.31996e+121
-39.7 1.64273e+121
-39.6 -2.06163e+122
-39.5 -3.11851e+122
-39.4 8.54808e+120
-39.3 -8.7622e+122
-39.2 -1.72694e+123
-39.1 -1.60644e+123
-39 -2.19996e+123
-38.9 -5.49698e+123
-38.8 -6.26963e+123
-38.7 -7.2337e+123
-38.6 -3.7379e+124
-38.5 -2.52147e+124
-38.4 -1.66573e+124
-38.3 -9.07795e+124
-38.2 -4.62379e+123
-38.1 -5.64778e+125
-38 -1.13917e+126
-37.9 -5.90953e+125
-37.8 -2.89833e+126
-37.7 -1.50024e+126
-37.6 -5.42307e+126
-37.5 -9.09693e+126
-37.4 -1.69496e+127
-37.3 -2.41336e+127
-37.2 -4.36215e+127
-37.1 -1.20177e+128
-37 -6.46782e+127
-36.9 -2.88627e+128
-36.8 -3.82498e+128
-36.7 -9.71568e+128
-36.6 -1.35614e+129
-36.5 -1.7044e+129
-36.4 -7.35179e+129
-36.3 -5.19294e+129
-36.2 -1.78085e+130
-36.1 -3.67089e+130
-36 -3.81542e+130
-35.9 -1.92729e+131
-35.8 -3.67929e+131
-35.7 -8.72288e+131
-35.6 -1.15649e+132
-35.5 -1.15853e+132
-35.4 -4.32383e+132
-35.3 -1.13135e+133
-35.2 -5.73008e+132
-35.1 -3.85602e+133
-35 -4.21046e+133
-34.9 -1.50543e+134
-34.8 -1.72808e+134
-34.7 -4.49836e+134
-34.6 -7.23238e+134
-34.5 -1.47448e+135
-34.4 -2.37821e+135
-34.3 -6.3961e+135
-34.2 -1.23282e+136
-34.1 -1.32092e+136
-34 -2.09801e+135
-33.9 -5.30951e+136
-33.8 -6.29694e+136
-33.7 -4.53979e+137
-33.6 -6.86269e+137
-33.5 -7.45272e+137
-33.4 -9.02877e+137
-33.3 -3.51245e+138
-33.2 -5.16989e+138
-33.1 -3.63195e+138
-33 -2.63451e+139
-32.9 -5.81532e+139
-32.8 -5.55767e+139
-32.7 -8.02045e+139
-32.6 -2.79141e+140
-32.5 -1.57357e+140
-32.4 -2.68682e+140
-32.3 -1.92046e+141
-32.2 -3.03698e+141
-32.1 -2.41389e+141
-32 -1.23131e+141
-31.9 -1.1289e+142
-31.8 -6.66616e+142
-31.7 -6.01398e+142
-31.6 -3.1669e+142
-31.5 -1.75671e+143
-31.4 -1.64875e+143
-31.3 -3.77019e+143
-31.2 4.39237e+143
-31.1 -3.23814e+144
-31 -6.29656e+144
-30.9 -8.36212e+144
-30.8 -3.34099e+144
-30.7 -3.39027e+145
-30.6 -3.12645e+145
-30.5 -7.1675e+145
-30.4 -2.71818e+146
-30.3 -2.43983e+146
-30.2 -5.18478e+146
-30.1 -2.9782e+146
-30 -2.65796e+147
-29.9 -9.12775e+147
-29.8 -2.53757e+148
-29.7 -5.52951e+148
-29.6 -1.5061e+149
-29.5 -4.30677e+149
-29.4 -1.21111e+150
-29.3 -3.10598e+150
-29.2 -8.74063e+150
-29.1 -2.21525e+151
-29 -6.18753e+151
-28.9 -1.61804e+152
-28.8 -4.45511e+152
-28.7 -1.12986e+153
-28.6 -3.09641e+153
-28.5 -7.84167e+153
-28.4 -2.11394e+154
-28.3 -5.33451e+154
-28.2 -1.4365e+155
-28.1 -3.59146e+155
-28 -9.5509e+155
-27.9 -2.37004e+156
-27.8 -6.24432e+156
-27.7 -1.53861e+157
-27.6 -4.03129e+157
-27.5 -9.86245e+157
-27.4 -2.55924e+158
-27.3 -6.21998e+158
-27.2 -1.59812e+159
-27.1 -3.87673e+159
-27 -9.869e+159
-26.9 -2.37641e+160
-26.8 -6.0231e+160
-26.7 -1.43486e+161
-26.6 -3.61901e+161
-26.5 -8.56536e+161
-26.4 -2.14183e+162
-26.3 -5.03682e+162
-26.2 -1.24872e+163
-26.1 -2.93006e+163
-26 -7.20299e+163
-25.9 -1.67985e+164
-25.8 -4.09614e+164
-25.7 -9.49545e+164
-25.6 -2.3058e+165
-25.5 -5.31242e+165
-25.4 -1.27978e+166
-25.3 -2.94182e+166
-25.2 -7.03334e+166
-25.1 -1.60187e+167
-25 -3.81356e+167
-24.9 -8.63704e+167
-24.8 -2.04131e+168
-24.7 -4.61065e+168
-24.6 -1.08211e+169
-24.5 -2.42356e+169
-24.4 -5.66485e+169
-24.3 -1.26566e+170
-24.2 -2.93716e+170
-24.1 -6.50998e+170
-24 -1.50467e+171
-23.9 -3.31774e+171
-23.8 -7.61839e+171
-23.7 -1.67547e+172
-23.6 -3.82187e+172
-23.5 -8.36221e+172
-23.4 -1.89553e+173
-23.3 -4.12702e+173
-23.2 -9.29668e+173
-23.1 -2.01874e+174
-23 -4.52013e+174
-22.9 -9.76623e+174
-22.8 -2.17856e+175
-22.7 -4.67446e+175
-22.6 -1.03668e+176
-22.5 -2.21834e+176
-22.4 -4.89144e+176
-22.3 -1.04183e+177
-22.2 -2.28867e+177
-22.1 -4.85278e+177
-22 -1.06006e+178
-21.9 -2.2373e+178
-21.8 -4.86099e+178
-21.7 -1.02136e+179
-21.6 -2.21112e+179
-21.5 -4.62543e+179
-21.4 -9.95984e+179
-21.3 -2.07466e+180
-21.2 -4.45156e+180
-21.1 -9.23215e+180
-21 -1.97073e+181
-20.9 -4.07024e+181
-20.8 -8.64473e+181
-20.7 -1.77785e+182
-20.6 -3.76309e+182
-20.5 -7.7079e+182
-20.4 -1.62345e+183
-20.3 -3.31665e+183
-20.2 -6.94175e+183
-20.1 -1.41253e+184
-20 -2.94685e+184
-19.9 -5.97234e+184
-19.8 -1.24176e+185
-19.7 -2.50688e+185
-19.6 -5.18142e+185
-19.5 -1.04195e+186
-19.4 -2.14959e+186
-19.3 -4.30631e+186
-19.2 -8.83308e+186
-19.1 -1.76283e+187
-19 -3.60454e+187
-18.9 -7.16704e+187
-18.8 -1.45904e+188
-18.7 -2.89397e+188
-18.6 -5.86621e+188
-18.5 -1.1593e+189
-18.4 -2.3402e+189
-18.3 -4.6079e+189
-18.2 -9.27333e+189
-18.1 -1.81953e+190
-18 -3.64668e+190
-17.9 -7.13005e+190
-17.8 -1.42321e+191
-17.7 -2.77303e+191
-17.6 -5.51913e+191
-17.5 -1.07167e+192
-17.4 -2.12456e+192
-17.3 -4.11134e+192
-17.2 -8.11886e+192
-17.1 -1.56743e+193
-17 -3.08346e+193
-16.9 -5.93306e+193
-16.8 -1.16383e+194
-16.7 -2.22996e+194
-16.6 -4.35801e+194
-16.5 -8.3311e+194
-16.4 -1.6236e+195
-16.3 -3.09101e+195
-16.2 -6.00189e+195
-16.1 -1.14004e+196
-16 -2.20574e+196
-15.9 -4.1765e+196
-15.8 -8.05185e+196
-15.7 -1.51994e+197
-15.6 -2.92244e+197
-15.5 -5.49961e+197
-15.4 -1.05377e+198
-15.3 -1.97863e+198
-15.2 -3.77809e+198
-15.1 -7.06712e+198
-15 -1.34597e+199
-14.9 -2.51018e+199
-14.8 -4.76476e+199
-14.7 -8.86682e+199
-14.6 -1.6775e+200
-14.5 -3.11028e+200
-14.4 -5.86942e+200
-14.3 -1.08595e+201
-14.2 -2.04258e+201
-14.1 -3.76569e+201
-14 -7.06054e+201
-13.9 -1.29891e+202
-13.8 -2.42939e+202
-13.7 -4.45689e+202
-13.6 -8.30982e+202
-13.5 -1.52027e+203
-13.4 -2.82572e+203
-13.3 -5.15556e+203
-13.2 -9.55353e+203
-13.1 -1.73943e+204
-13 -3.21354e+204
-12.9 -5.83526e+204
-12.8 -1.0755e+205
-12.7 -1.94652e+205
-12.6 -3.57706e+205
-12.5 -6.46093e+205
-12.4 -1.18384e+206
-12.3 -2.1327e+206
-12.2 -3.89884e+206
-12.1 -7.00569e+206
-12 -1.27702e+207
-11.9 -2.28883e+207
-11.8 -4.16035e+207
-11.7 -7.43781e+207
-11.6 -1.34895e+208
-11.5 -2.40554e+208
-11.4 -4.35062e+208
-11.3 -7.73909e+208
-11.2 -1.39662e+209
-11.1 -2.47827e+209
-11 -4.46019e+209
-10.9 -7.89523e+209
-10.8 -1.41708e+210
-10.7 -2.50245e+210
-10.6 -4.48187e+210
-10.5 -7.89571e+210
-10.4 -1.41038e+211
-10.3 -2.47879e+211
-10.2 -4.41627e+211
-10.1 -7.74727e+211
-10 -1.3767e+212
-9.9 -2.40948e+212
-9.8 -4.27275e+212
-9.7 -7.46079e+212
-9.6 -1.31907e+213
-9.5 -2.29802e+213
-9.4 -4.05459e+213
-9.3 -7.05098e+213
-9.2 -1.24097e+214
-9.1 -2.15223e+214
-9 -3.78031e+214
-8.9 -6.54167e+214
-8.8 -1.14622e+215
-8.7 -1.97997e+215
-8.6 -3.46088e+215
-8.5 -5.96528e+215
-8.4 -1.04021e+216
-8.3 -1.78902e+216
-8.2 -3.11356e+216
-8.1 -5.34345e+216
-8 -9.27771e+216
-7.9 -1.58883e+217
-7.8 -2.75227e+217
-7.7 -4.70337e+217
-7.6 -8.13195e+217
-7.5 -1.38676e+218
-7.4 -2.39216e+218
-7.3 -4.07097e+218
-7.2 -7.0066e+218
-7.1 -1.19037e+219
-7 -2.04419e+219
-6.9 -3.4658e+219
-6.8 -5.94076e+219
-6.7 -1.00481e+220
-6.6 -1.71855e+220
-6.5 -2.90194e+220
-6.4 -4.95425e+220
-6.3 -8.34611e+220
-6.2 -1.42177e+221
-6.1 -2.39129e+221
-6 -4.06487e+221
-5.9 -6.82337e+221
-5.8 -1.15742e+222
-5.7 -1.93907e+222
-5.6 -3.28335e+222
-5.5 -5.49014e+222
-5.4 -9.27684e+222
-5.3 -1.54823e+223
-5.2 -2.61154e+223
-5.1 -4.35019e+223
-5 -7.32277e+223
-4.9 -1.21749e+224
-4.8 -2.04526e+224
-4.7 -3.39521e+224
-4.6 -5.69208e+224
-4.5 -9.42866e+224
-4.4 -1.57804e+225
-4.3 -2.60995e+225
-4.2 -4.3595e+225
-4.1 -7.19491e+225
-4 -1.19943e+226
-3.9 -1.97655e+226
-3.8 -3.2896e+226
-3.7 -5.41118e+226
-3.6 -8.98838e+226
-3.5 -1.4759e+227
-3.4 -2.44689e+227
-3.3 -4.0107e+227
-3.2 -6.63667e+227
-3.1 -1.08622e+228
-3 -1.79401e+228
-2.9 -2.93114e+228
-2.8 -4.832e+228
-2.7 -7.8811e+228
-2.6 -1.29716e+229
-2.5 -2.11206e+229
-2.4 -3.46985e+229
-2.3 -5.64001e+229
-2.2 -9.25136e+229
-2.1 -1.50122e+230
-2 -2.45798e+230
-1.9 -3.98187e+230
-1.8 -6.50791e+230
-1.7 -1.0525e+231
-1.6 -1.71756e+231
-1.5 -2.77317e+231
-1.4 -4.51748e+231
-1.3 -7.28191e+231
-1.2 -1.18443e+232
-1.1 -1.90612e+232
-1 -3.09497e+232
-0.9 -4.97272e+232
-0.8 -8.06021e+232
-0.7 -1.29296e+233
-0.6 -2.09264e+233
-0.5 -3.35154e+233
-0.4 -5.41516e+233
-0.3 -8.65905e+233
-0.2 -1.39669e+234
-0.1 -2.2304e+234
-1.40435e-12 -3.59155e+234
0.1 -5.72644e+234
0.2 -9.20783e+234
0.3 -1.46583e+235
0.4 -2.35255e+235
0.5 -3.73938e+235
0.6 -5.99294e+235
0.7 -9.5133e+235
0.8 -1.52216e+236
0.9 -2.41212e+236
1 -3.85407e+236
1.1 -6.0982e+236
1.2 -9.72801e+236
1.3 -1.53726e+237
1.4 -2.44837e+237
1.5 -3.86328e+237
1.6 -6.14322e+237
1.7 -9.67909e+237
1.8 -1.53702e+238
1.9 -2.41763e+238
2 -3.83396e+238
2.1 -6.02303e+238
2.2 -9.53475e+238
2.3 -1.49571e+239
2.4 -2.36462e+239
2.5 -3.70403e+239
2.6 -5.84687e+239
2.7 -9.14571e+239
2.8 -1.44148e+240
2.9 -2.25201e+240
3 -3.54409e+240
3.1 -5.52912e+240
3.2 -8.69005e+240
3.3 -1.35358e+241
3.4 -2.12425e+241
3.5 -3.30479e+241
3.6 -5.17971e+241
3.7 -8.04568e+241
3.8 -1.25918e+242
3.9 -1.95358e+242
4 -3.05297e+242
4.1 -4.73012e+242
4.2 -7.38137e+242
4.3 -1.14209e+243
4.4 -1.77999e+243
4.5 -2.75039e+243
4.6 -4.2805e+243
4.7 -6.60528e+243
4.8 -1.02672e+244
4.9 -1.58224e+244
5 -2.45594e+244
5.1 -3.77979e+244
5.2 -5.85878e+244
5.3 -9.00659e+244
5.4 -1.39411e+245
5.5 -2.13999e+245
5.6 -3.30843e+245
5.7 -5.07278e+245
5.8 -7.83046e+245
5.9 -1.1991e+246
6 -1.84875e+246
6.1 -2.82741e+246
6.2 -4.35408e+246
6.3 -6.65052e+246
6.4 -1.0226e+247
6.5 -1.56023e+247
6.6 -2.39624e+247
6.7 -3.65089e+247
6.8 -5.59969e+247
6.9 -8.52101e+247
7 -1.30542e+248
7.1 -1.98431e+248
7.2 -3.03552e+248
7.3 -4.60846e+248
7.4 -7.04178e+248
7.5 -1.06776e+249
7.6 -1.62944e+249
7.7 -2.46774e+249
7.8 -3.76161e+249
7.9 -5.68998e+249
8 -8.66223e+249
8.1 -1.30871e+250
8.2 -1.98981e+250
8.3 -3.00268e+250
8.4 -4.56031e+250
8.5 -6.87346e+250
8.6 -1.0426e+251
8.7 -1.56958e+251
8.8 -2.37819e+251
8.9 -3.57607e+251
9 -5.41167e+251
9.1 -8.12802e+251
9.2 -1.2285e+252
9.3 -1.84301e+252
9.4 -2.78258e+252
9.5 -4.16964e+252
9.6 -6.2877e+252
9.7 -9.41121e+252
9.8 -1.41747e+253
9.9 -2.1195e+253
10 -3.18846e+253
10.1 -4.76222e+253
10.2 -7.15646e+253
10.3 -1.06767e+254
10.4 -1.60233e+254
10.5 -2.38785e+254
10.6 -3.57988e+254
10.7 -5.32962e+254
10.8 -7.98087e+254
10.9 -1.1867e+255
11 -1.77519e+255
11.1 -2.6367e+255
11.2 -3.93968e+255
11.3 -5.84599e+255
11.4 -8.72488e+255
11.5 -1.29325e+256
11.6 -1.92792e+256
11.7 -2.85459e+256
11.8 -4.25119e+256
11.9 -6.28702e+256
12 -9.35352e+256
12.1 -1.3818e+257
12.2 -2.05347e+257
12.3 -3.03076e+257
12.4 -4.49892e+257
12.5 -6.63304e+257
12.6 -9.83529e+257
12.7 -1.44856e+258
12.8 -2.14552e+258
12.9 -3.15703e+258
13 -4.67088e+258
13.1 -6.86586e+258
13.2 -1.01483e+259
13.3 -1.49001e+259
13.4 -2.19996e+259
13.5 -3.22713e+259
13.6 -4.76019e+259
13.7 -6.97482e+259
13.8 -1.02772e+260
13.9 -1.5045e+260
14 -2.21448e+260
14.1 -3.23855e+260
14.2 -4.76178e+260
14.3 -6.95685e+260
14.4 -1.02193e+261
14.5 -1.49153e+261
14.6 -2.1887e+261
14.7 -3.19128e+261
14.8 -4.67858e+261
14.9 -6.81496e+261
15 -9.98075e+261
15.1 -1.4524e+262
15.2 -2.12489e+262
15.3 -3.08946e+262
15.4 -4.51533e+262
15.5 -6.55793e+262
15.6 -9.57586e+262
15.7 -1.38957e+263
15.8 -2.02677e+263
15.9 -2.93826e+263
16 -4.28177e+263
16.1 -6.20146e+263
16.2 -9.02893e+263
16.3 -1.30645e+264
16.4 -1.90002e+264
16.5 -2.74694e+264
16.6 -3.99142e+264
16.7 -5.76455e+264
16.8 -8.3679e+264
16.9 -1.20739e+265
17 -1.75112e+265
17.1 -2.52432e+265
17.2 -3.65754e+265
17.3 -5.26813e+265
17.4 -7.62572e+265
17.5 -1.09736e+266
17.6 -1.58691e+266
17.7 -2.28151e+266
17.8 -3.2965e+266
17.9 -4.73507e+266
18 -6.83505e+266
18.1 -9.80893e+266
18.2 -1.41457e+267
18.3 -2.02821e+267
18.4 -2.92245e+267
18.5 -4.18645e+267
18.6 -6.0266e+267
18.7 -8.62547e+267
18.8 -1.24063e+268
18.9 -1.77406e+268
19 -2.5491e+268
19.1 -3.64222e+268
19.2 -5.22905e+268
19.3 -7.46417e+268
19.4 -1.07072e+269
19.5 -1.52706e+269
19.6 -2.18854e+269
19.7 -3.11858e+269
19.8 -4.46539e+269
19.9 -6.35804e+269
20 -9.09565e+269
20.1 -1.29397e+270
20.2 -1.84961e+270
20.3 -2.62904e+270
20.4 -3.75429e+270
20.5 -5.33182e+270
20.6 -7.60775e+270
20.7 -1.07962e+271
20.8 -1.5391e+271
20.9 -2.18212e+271
21 -3.10834e+271
21.1 -4.40327e+271
21.2 -6.26679e+271
21.3 -8.87083e+271
21.4 -1.2614e+272
21.5 -1.78407e+272
21.6 -2.53469e+272
21.7 -3.58198e+272
21.8 -5.08507e+272
21.9 -7.17964e+272
22 -1.01844e+273
22.1 -1.43677e+273
22.2 -2.03634e+273
22.3 -2.87065e+273
22.4 -4.06512e+273
22.5 -5.72601e+273
22.6 -8.10172e+273
22.7 -1.14026e+274
22.8 -1.612e+274
22.9 -2.26713e+274
23 -3.20238e+274
23.1 -4.50025e+274
23.2 -6.3519e+274
23.3 -8.91844e+274
23.4 -1.25775e+275
23.5 -1.7647e+275
23.6 -2.48667e+275
23.7 -3.48618e+275
23.8 -4.90879e+275
23.9 -6.87647e+275
24 -9.67463e+275
24.1 -1.35421e+276
24.2 -1.90372e+276
24.3 -2.66266e+276
24.4 -3.74035e+276
24.5 -5.22746e+276
24.6 -7.33731e+276
24.7 -1.02466e+277
24.8 -1.43718e+277
24.9 -2.0055e+277
25 -2.81063e+277
25.1 -3.91909e+277
25.2 -5.4881e+277
25.3 -7.64669e+277
25.4 -1.07004e+278
25.5 -1.48978e+278
25.6 -2.08307e+278
25.7 -2.89822e+278
25.8 -4.04897e+278
25.9 -5.6292e+278
26 -7.85871e+278
26.1 -1.09177e+279
26.2 -1.5231e+279
26.3 -2.11439e+279
26.4 -2.94725e+279
26.5 -4.08868e+279
26.6 -5.69524e+279
26.7 -7.89458e+279
26.8 -1.09882e+280
26.9 -1.52204e+280
27 -2.11701e+280
27.1 -2.93026e+280
27.2 -4.07261e+280
27.3 -5.63341e+280
27.4 -7.82368e+280
27.5 -1.08142e+281
27.6 -1.50075e+281
27.7 -2.07292e+281
27.8 -2.87475e+281
27.9 -3.96792e+281
28 -5.49868e+281
28.1 -7.58423e+281
28.2 -1.05023e+282
28.3 -1.44754e+282
28.4 -2.00315e+282
28.5 -2.75901e+282
28.6 -3.81521e+282
28.7 -5.25113e+282
28.8 -7.25605e+282
28.9 -9.98064e+282
29 -1.37813e+283
29.1 -1.89429e+283
29.2 -2.61392e+283
29.3 -3.59022e+283
29.4 -4.95087e+283
29.5 -6.79533e+283
29.6 -9.36395e+283
29.7 -1.28437e+284
29.8 -1.7686e+284
29.9 -2.42433e+284
30 -3.33596e+284
30.1 -4.56969e+284
30.2 -6.28364e+284
30.3 -8.60167e+284
30.4 -1.18203e+285
30.5 -1.61699e+285
30.6 -2.22048e+285
30.7 -3.03571e+285
30.8 -4.16579e+285
30.9 -5.69108e+285
31 -7.8047e+285
31.1 -1.06553e+286
31.2 -1.46025e+286
31.3 -1.99238e+286
31.4 -2.72857e+286
31.5 -3.72045e+286
31.6 -5.09167e+286
31.7 -6.93801e+286
31.8 -9.48919e+286
31.9 -1.2921e+287
32 -1.76611e+287
32.1 -2.40327e+287
32.2 -3.28271e+287
32.3 -4.46436e+287
32.4 -6.09393e+287
32.5 -8.28215e+287
32.6 -1.12977e+288
32.7 -1.53447e+288
32.8 -2.09178e+288
32.9 -2.83941e+288
33 -3.8681e+288
33.1 -5.24727e+288
33.2 -7.14398e+288
33.3 -9.68449e+288
33.4 -1.31764e+289
33.5 -1.78519e+289
33.6 -2.42728e+289
33.7 -3.28649e+289
33.8 -4.4659e+289
33.9 -6.04295e+289
34 -8.20622e+289
34.1 -1.10972e+290
34.2 -1.506e+290
34.3 -2.03529e+290
34.4 -2.76047e+290
34.5 -3.72833e+290
34.6 -5.0535e+290
34.7 -6.82112e+290
34.8 -9.24014e+290
34.9 -1.24645e+291
35 -1.68742e+291
35.1 -2.27487e+291
35.2 -3.07771e+291
35.3 -4.14664e+291
35.4 -5.60682e+291
35.5 -7.54956e+291
35.6 -1.02016e+292
35.7 -1.37289e+292
35.8 -1.85391e+292
35.9 -2.49341e+292
36 -3.36511e+292
36.1 -4.52318e+292
36.2 -6.10101e+292
36.3 -8.19573e+292
36.4 -1.10473e+293
36.5 -1.48315e+293
36.6 -1.99815e+293
36.7 -2.68102e+293
36.8 -3.60959e+293
36.9 -4.84032e+293
37 -6.5131e+293
37.1 -8.7287e+293
37.2 -1.17382e+294
37.3 -1.57228e+294
37.4 -2.11308e+294
37.5 -2.82874e+294
37.6 -3.79944e+294
37.7 -5.08329e+294
37.8 -6.82387e+294
37.9 -9.12444e+294
38 -1.22415e+295
38.1 -1.63591e+295
38.2 -2.19345e+295
38.3 -2.92958e+295
38.4 -3.92588e+295
38.5 -5.24043e+295
38.6 -7.01847e+295
38.7 -9.36323e+295
38.8 -1.25328e+296
38.9 -1.67111e+296
39 -2.23548e+296
39.1 -2.9791e+296
39.2 -3.98308e+296
39.3 -5.30481e+296
39.4 -7.08845e+296
39.5 -9.4358e+296
39.6 -1.26017e+297
39.7 -1.67647e+297
39.8 -2.23767e+297
39.9 -2.97538e+297
40 -3.96911e+297
40.1 -5.27472e+297
40.2 -7.03239e+297
40.3 -9.3405e+297
40.4 -1.24465e+298
40.5 -1.65225e+298
40.6 -2.20042e+298
40.7 -2.91956e+298
40.8 -3.886e+298
40.9 -5.15299e+298
41 -6.85518e+298
41.1 -9.08533e+298
41.2 -1.20798e+299
41.3 -1.60016e+299
41.4 -2.12637e+299
41.5 -2.8151e+299
41.6 -3.73892e+299
41.7 -4.94752e+299
41.8 -6.5675e+299
41.9 -8.68544e+299
42 -1.1523e+300
42.1 -1.52316e+300
42.2 -2.01975e+300
42.3 -2.66838e+300
42.4 -3.53641e+300
42.5 -4.66965e+300
42.6 -6.18533e+300
42.7 -8.16313e+300
42.8 -1.08069e+301
42.9 -1.42556e+301
43 -1.88623e+301
43.1 -2.48687e+301
43.2 -3.28887e+301
43.3 -4.33373e+301
43.4 -5.72826e+301
43.5 -7.54452e+301
43.6 -9.96691e+301
43.7 -1.31204e+302
43.8 -1.73245e+302
43.9 -2.27942e+302
44 -3.00822e+302
44.1 -3.95596e+302
44.2 -5.21805e+302
44.3 -6.85849e+302
44.4 -9.04218e+302
44.5 -1.18788e+303
44.6 -1.56528e+303
44.7 -2.05529e+303
44.8 -2.70696e+303
44.9 -3.55258e+303
45 -4.67656e+303
45.1 -6.1344e+303
45.2 -8.07104e+303
45.3 -1.05818e+304
45.4 -1.39158e+304
45.5 -1.82356e+304
45.6 -2.39689e+304
45.7 -3.13951e+304
45.8 -4.12431e+304
45.9 -5.39947e+304
46 -7.08981e+304
46.1 -9.27729e+304
46.2 -1.21759e+305
46.3 -1.59248e+305
46.4 -2.0889e+305
46.5 -2.73073e+305
46.6 -3.58043e+305
46.7 -4.67828e+305
46.8 -6.13068e+305
46.9 -8.00661e+305
47 -1.04875e+306
47.1 -1.36899e+306
47.2 -1.79228e+306
47.3 -2.33853e+306
47.4 -3.06007e+306
47.5 -3.99081e+306
47.6 -5.21958e+306
47.7 -6.8039e+306
47.8 -8.89476e+306
47.9 -1.15891e+307
48 -1.5143e+307
48.1 -1.97207e+307
48.2 -2.57556e+307
48.3 -3.35256e+307
48.4 -4.37654e+307
48.5 -5.69418e+307
48.6 -7.42975e+307
48.7 -9.66209e+307
48.8 -1.2601e+308
48.9 -1.638e+308
49 -inf
49.1 -inf
49.2 -inf
49.3 -inf
49.4 -inf
49.5 -inf
49.6 -inf
49.7 -inf
49.8 -inf
49.9 -inf
50 -inf
50.1 -inf
50.2 -inf
50.3 -inf
50.4 -inf
50.5 -inf
50.6 -inf
50.7 -inf
50.8 -inf
50.9 -inf
51 -inf
51.1 -inf
51.2 -inf
51.3 -inf
51.4 -inf
51.5 -inf
51.6 -inf
51.7 -inf
51.8 -inf
51.9 -inf
52 -inf
52.1 -inf
52.2 -inf
52.3 -inf
52.4 -inf
52.5 -inf
52.6 -inf
52.7 -inf
52.8 -inf
52.9 -inf
53 -inf
53.1 -inf
53.2 -inf
53.3 -inf
53.4 -inf
53.5 -inf
53.6 -inf
53.7 -inf
53.8 -inf
53.9 -inf
54 -inf
54.1 -inf
54.2 -inf
54.3 -inf
54.4 -inf
54.5 -inf
54.6 -inf
54.7 -inf
54.8 -inf
54.9 -inf
55 -inf
55.1 -inf
55.2 -inf
55.3 -inf
55.4 -inf
55.5 -inf
55.6 -inf
55.7 -inf
55.8 -inf
55.9 -inf
56 -inf
56.1 -inf
56.2 -inf
56.3 -inf
56.4 -inf
56.5 -inf
56.6 -inf
56.7 -inf
56.8 -inf
56.9 -inf
57 -inf
57.1 -inf
57.2 -inf
57.3 -inf
57.4 -inf
57.5 -inf
57.6 -inf
57.7 -inf
57.8 -inf
57.9 -inf
58 -inf
58.1 -inf
58.2 -inf
58.3 -inf
58.4 -inf
58.5 -inf
58.6 -inf
58.7 -inf
58.8 -inf
58.9 -inf
59 -inf
59.1 -inf
59.2 -inf
59.3 -inf
59.4 -inf
59.5 -inf
59.6 -inf
59.7 -inf
59.8 -inf
59.9 -inf
60 -inf
60.1 -inf
60.2 -inf
60.3 -inf
60.4 -inf
60.5 -inf
60.6 -inf
60.7 -inf
60.8 -inf
60.9 -inf
61 -inf
61.1 -inf
61.2 -inf
61.3 -inf
61.4 -inf
61.5 -inf
61.6 -inf
61.7 -inf
61.8 -inf
61.9 -inf
62 -inf
62.1 -inf
62.2 -inf
62.3 -inf
62.4 -inf
62.5 -inf
62.6 -inf
62.7 -inf
62.8 -inf
62.9 -inf
63 -inf
63.1 -inf
63.2 -inf
63.3 -inf
63.4 -inf
63.5 -inf
63.6 -inf
63.7 -inf
63.8 -inf
63.9 -inf
64 -inf
64.1 -inf
64.2 -inf
64.3 -inf
64.4 -inf
64.5 -inf
64.6 -inf
64.7 -inf
64.8 -inf
64.9 -inf
65 -inf
65.1 -inf
65.2 -inf
65.3 -inf
65.4 -inf
65.5 -inf
65.6 -inf
65.7 -inf
65.8 -inf
65.9 -inf
66 -inf
66.1 -inf
66.2 -inf
66.3 -inf
66.4 -inf
66.5 -inf
66.6 -inf
66.7 -inf
66.8 -inf
66.9 -inf
67 -inf
67.1 -inf
67.2 -inf
67.3 -inf
67.4 -inf
67.5 -inf
67.6 -inf
67.7 -inf
67.8 -inf
67.9 -inf
68 -inf
68.1 -inf
68.2 -inf
68.3 -inf
68.4 -inf
68.5 -inf
68.6 -inf
68.7 -inf
68.8 -inf
68.9 -inf
69 -inf
69.1 -inf
69.2 -inf
69.3 -inf
69.4 -inf
69.5 -inf
69.6 -inf
69.7 -inf
69.8 -inf
69.9 -inf
70 -inf
70.1 -inf
70.2 -inf
70.3 -inf
70.4 -inf
70.5 -inf
70.6 -inf
70.7 -inf
70.8 -inf
70.9 -inf
71 -inf
71.1 -inf
71.2 -inf
71.3 -inf
71.4 -inf
71.5 -inf
71.6 -inf
71.7 -inf
71.8 -inf
71.9 -inf
72 -inf
72.1 -inf
72.2 -inf
72.3 -inf
72.4 -inf
72.5 -inf
72.6 -inf
72.7 -inf
72.8 -inf
72.9 -inf
73 -inf
73.1 -inf
73.2 -inf
73.3 -inf
73.4 -inf
73.5 -inf
73.6 -inf
73.7 -inf
73.8 -inf
73.9 -inf
74 -inf
74.1 -inf
74.2 -inf
74.3 -inf
74.4 -inf
74.5 -inf
74.6 -inf
74.7 -inf
74.8 -inf
74.9 -inf
75 -inf
75.1 -inf
75.2 -inf
75.3 -inf
75.4 -inf
75.5 -inf
75.6 -inf
75.7 -inf
75.8 -inf
75.9 -inf
76 -inf
76.1 -inf
76.2 -inf
76.3 -inf
76.4 -inf
76.5 -inf
76.6 -inf
76.7 -inf
76.8 -inf
76.9 -inf
77 -inf
77.1 -inf
77.2 -inf
77.3 -inf
77.4 -inf
77.5 -inf
77.6 -inf
77.7 -inf
77.8 -inf
77.9 -inf
78 -inf
78.1 -inf
78.2 -inf
78.3 -inf
78.4 -inf
78.5 -inf
78.6 -inf
78.7 -inf
78.8 -inf
78.9 -inf
79 -inf
79.1 -inf
79.2 -inf
79.3 -inf
79.4 -inf
79.5 -inf
79.6 -inf
79.7 -inf
79.8 -inf
79.9 -inf
